0.26642 0.85925 0.26181 0.78082 0.20414 0.74045 0.27219 0.62973 0.29525 0.65741 0.37138 0.74506 0.4475 0.83387 0.53054 0.68624 0.51209 0.64126 0.7416 0.534 0.69086 0.44058 1.19026 0.7047 1.36326 0.47749 1.29752 0.38291 0.79581 0.2768
0.48441 0.88577 0.47633 0.80965 0.41866 0.77505 0.47864 0.67125 0.50286 0.69316 0.58129 0.77044 0.66087 0.85809 0.71277 0.71277 0.69201 0.67125 0.90077 0.56053 0.85002 0.47864 1.31944 0.707 1.47283 0.48095 1.41401 0.39906 0.95498 0.31486
0.34831 0.90769 0.3437 0.82465 0.28141 0.78774 0.35292 0.67471 0.37599 0.70354 0.45442 0.79235 0.53631 0.89039 0.61473 0.73353 0.59397 0.68624 0.81542 0.58129 0.76352 0.49017 1.26638 0.75314 1.444 0.52708 1.38518 0.43481 0.87193 0.32524
0.36792 0.87885 0.361 0.79812 0.30448 0.76467 0.37138 0.65049 0.39329 0.67932 0.47056 0.76467 0.55707 0.86155 0.6355 0.70816 0.61127 0.66202 0.82811 0.56399 0.77966 0.47402 1.2733 0.73584 1.44285 0.50401 1.37826 0.41405 0.89385 0.3114
0.40598 0.895 0.3979 0.81427 0.33908 0.76698 0.41751 0.66433 0.43712 0.69316 0.51093 0.78312 0.59397 0.88577 0.66894 0.73814 0.65049 0.6897 0.89154 0.60089 0.85117 0.50171 1.29868 0.80504 1.49475 0.58821 1.44285 0.49594 0.96536 0.35869
0.46364 0.80273 0.46249 0.71969 0.40598 0.6701 0.49133 0.57206 0.51093 0.6032 0.57783 0.69547 0.64703 0.79927 0.73353 0.65972 0.72315 0.61127 0.95613 0.534 0.91807 0.4325 1.35865 0.74968 1.56395 0.534 1.51205 0.44173 1.03802 0.28718
0.3956 0.87424 0.3806 0.79812 0.32063 0.75544 0.39329 0.64357 0.41866 0.67471 0.49709 0.76236 0.59167 0.86386 0.65049 0.71046 0.63319 0.66318 0.85925 0.56514 0.80504 0.47056 1.29637 0.74622 1.46591 0.52823 1.4094 0.4302 0.91807 0.30909
0.50401 0.84656 0.49017 0.7739 0.43596 0.73468 0.49594 0.63434 0.51555 0.66318 0.59051 0.73814 0.66548 0.82465 0.72892 0.68394 0.70585 0.64011 0.895 0.54669 0.85117 0.46018 1.27676 0.69432 1.42439 0.48441 1.36326 0.39906 0.93767 0.32178
0.48325 0.93421 0.47287 0.85463 0.40828 0.81773 0.46941 0.70239 0.49479 0.72892 0.58013 0.81081 0.68163 0.90077 0.722 0.74506 0.70124 0.70124 0.91345 0.58475 0.85579 0.49363 1.34596 0.722 1.48783 0.48441 1.42093 0.40252 0.95613 0.33101
0.45672 0.90769 0.44634 0.82695 0.38406 0.78428 0.45442 0.67471 0.47979 0.70239 0.55707 0.7912 0.63203 0.88923 0.71508 0.73699 0.69201 0.6897 0.91461 0.58821 0.86617 0.49133 1.33904 0.75314 1.49705 0.52593 1.43593 0.44058 0.97112 0.33908
0.39675 0.91807 0.38406 0.84079 0.32755 0.80273 0.38406 0.68509 0.40944 0.71738 0.49594 0.79927 0.58475 0.89039 0.64011 0.73238 0.61589 0.68855 0.83387 0.57206 0.78197 0.48095 1.2733 0.69893 1.42555 0.46018 1.35634 0.3783 0.87424 0.31832
0.38522 0.96766 0.36907 0.88462 0.30794 0.84079 0.36907 0.72776 0.3956 0.75775 0.47979 0.84195 0.5686 0.93767 0.6355 0.7762 0.61358 0.72892 0.83503 0.61589 0.76928 0.52247 1.28368 0.75544 1.42555 0.52362 1.35865 0.43596 0.86847 0.35984
0.47633 0.9469 0.46595 0.87309 0.41059 0.83272 0.47172 0.72776 0.49363 0.75198 0.57437 0.83618 0.64703 0.9296 0.71508 0.77966 0.69547 0.73584 0.91807 0.63203 0.86386 0.54438 1.31252 0.79466 1.49244 0.57667 1.43131 0.49248 0.95267 0.39906
0.39329 0.98496 0.38983 0.89961 0.34139 0.84887 0.40828 0.74622 0.43712 0.7762 0.52247 0.87424 0.60897 0.98381 0.68624 0.83618 0.66664 0.78082 0.90884 0.70008 0.86617 0.58936 1.3598 0.89039 1.55126 0.68048 1.50628 0.57321 1.01726 0.42212
0.43942 1.00111 0.4302 0.91576 0.37022 0.86847 0.43481 0.76236 0.4671 0.78774 0.56399 0.88001 0.64472 0.98035 0.7243 0.82811 0.69893 0.77505 0.93075 0.67471 0.88462 0.56283 1.40132 0.83964 1.57779 0.61012 1.52589 0.50401 1.01956 0.38406
0.33678 0.95613 0.33216 0.87539 0.27449 0.83157 0.33447 0.72546 0.36907 0.74852 0.46018 0.83849 0.53977 0.93537 0.61358 0.78543 0.58936 0.73468 0.82695 0.63203 0.77736 0.52593 1.28022 0.78658 1.46476 0.56168 1.41401 0.46018 0.90999 0.35177
0.38176 0.92037 0.37138 0.83733 0.31601 0.79812 0.37599 0.6897 0.40136 0.71738 0.49709 0.80158 0.56745 0.90538 0.64703 0.75314 0.62857 0.70354 0.87193 0.59743 0.82003 0.50286 1.27561 0.79004 1.44977 0.56283 1.39556 0.45788 0.94229 0.3437
0.45442 0.87424 0.4475 0.78889 0.38291 0.74506 0.4475 0.62857 0.47633 0.65856 0.55707 0.74968 0.64934 0.85463 0.71162 0.69201 0.69547 0.64357 0.92268 0.53169 0.86271 0.43712 1.37364 0.68509 1.52819 0.45442 1.46361 0.36561 0.96651 0.27334
0.28026 0.86501 0.27103 0.78889 0.2076 0.75198 0.27219 0.64588 0.29871 0.6724 0.38291 0.75429 0.48671 0.85694 0.53054 0.70124 0.51324 0.6551 0.71969 0.55822 0.6701 0.46595 1.13836 0.7393 1.31136 0.5167 1.25831 0.41636 0.80389 0.29641
0.42674 0.92845 0.41405 0.84887 0.34946 0.81311 0.41636 0.71162 0.44404 0.73699 0.52823 0.81196 0.60897 0.91115 0.66779 0.76121 0.65395 0.71623 0.86386 0.61819 0.82003 0.52823 1.27676 0.7912 1.43823 0.57783 1.38402 0.47979 0.94921 0.36215
0.43827 0.80273 0.42558 0.73584 0.37368 0.69893 0.42674 0.60666 0.45096 0.62742 0.534 0.70124 0.61935 0.79697 0.66548 0.65395 0.64934 0.61012 0.85002 0.51209 0.79927 0.42674 1.23178 0.67586 1.39556 0.45672 1.33674 0.35984 0.90999 0.26988
0.33216 0.95382 0.32294 0.88001 0.26296 0.84425 0.3264 0.74391 0.35062 0.76813 0.42789 0.85002 0.51209 0.94229 0.57667 0.80158 0.55822 0.75775 0.76236 0.66318 0.71854 0.57321 1.1522 0.84079 1.31367 0.63203 1.271 0.53515 0.8431 0.41405
0.37022 0.80619 0.35984 0.73468 0.30333 0.69547 0.36561 0.58821 0.38983 0.61819 0.46826 0.69662 0.54784 0.79466 0.61127 0.64818 0.59397 0.60089 0.79697 0.50632 0.75429 0.41174 1.19372 0.67471 1.3575 0.45442 1.30214 0.3633 0.8777 0.25604
0.44519 0.86271 0.4325 0.78543 0.37253 0.74737 0.4325 0.6378 0.45672 0.66779 0.54323 0.75083 0.62281 0.84771 0.69201 0.69662 0.67356 0.64703 0.89269 0.55015 0.83733 0.45557 1.30098 0.73122 1.46245 0.52131 1.4117 0.4129 0.9619 0.29525
0.51324 0.86847 0.50401 0.79581 0.4498 0.75429 0.50978 0.6551 0.534 0.68278 0.61127 0.76467 0.67356 0.85694 0.75429 0.71969 0.74045 0.6724 0.95844 0.58705 0.91115 0.49248 1.33443 0.77505 1.50167 0.56975 1.45323 0.47402 1.04148 0.3437
0.37714 0.82234 0.35638 0.74968 0.30217 0.70585 0.3633 0.60666 0.38868 0.63203 0.47172 0.71508 0.55707 0.81196 0.6205 0.66433 0.60205 0.61819 0.80619 0.52708 0.76121 0.42904 1.21217 0.70931 1.38402 0.48671 1.33097 0.38983 0.87193 0.27565
0.45096 0.83964 0.43827 0.76698 0.38291 0.72892 0.44173 0.62973 0.46595 0.6551 0.54669 0.73468 0.62165 0.82465 0.68855 0.68278 0.66894 0.6378 0.85809 0.54553 0.81427 0.45903 1.25254 0.70354 1.41862 0.47864 1.3598 0.38752 0.92153 0.30102
0.49248 0.83387 0.47633 0.76698 0.42674 0.73007 0.4821 0.6355 0.50517 0.66087 0.58821 0.73584 0.6724 0.82926 0.72315 0.6874 0.70585 0.64588 0.89731 0.55361 0.85463 0.47056 1.27215 0.73353 1.44977 0.52247 1.39671 0.42674 0.96651 0.31832
0.3956 1.02533 0.37368 0.95036 0.30679 0.91922 0.3633 0.80273 0.39098 0.82926 0.48671 0.90307 0.58244 0.98958 0.63665 0.83157 0.61243 0.78428 0.82465 0.65395 0.75544 0.56745 1.27907 0.78197 1.40824 0.53746 1.33789 0.44519 0.85463 0.38868
0.4152 0.86501 0.41174 0.78774 0.34716 0.75083 0.41174 0.64472 0.43712 0.6724 0.51439 0.75429 0.60435 0.84771 0.67586 0.70008 0.6551 0.65395 0.88231 0.55015 0.83157 0.45326 1.29406 0.74045 1.45669 0.53054 1.40478 0.42328 0.94805 0.29525
0.35177 0.88347 0.33447 0.80158 0.27565 0.76467 0.33678 0.65741 0.3633 0.68278 0.45211 0.76582 0.534 0.86271 0.59743 0.70931 0.58013 0.66087 0.78658 0.56053 0.74622 0.46249 1.2214 0.73699 1.38864 0.50978 1.33328 0.4129 0.86847 0.29756
0.43366 0.88808 0.41866 0.81081 0.35638 0.77044 0.42212 0.66664 0.4498 0.69201 0.53169 0.7762 0.61243 0.87424 0.68624 0.7243 0.66433 0.67702 0.88347 0.57552 0.83618 0.48095 1.31021 0.75198 1.48206 0.53515 1.42901 0.43135 0.96536 0.31255
0.30102 0.89615 0.29641 0.81542 0.23528 0.76928 0.31371 0.66087 0.33678 0.6897 0.41636 0.78543 0.49133 0.895 0.5686 0.7416 0.55015 0.69201 0.78082 0.60435 0.73699 0.50632 1.21333 0.80158 1.3921 0.5859 1.3402 0.49594 0.85809 0.35177
0.35754 0.84079 0.34946 0.76121 0.28718 0.72084 0.35292 0.61819 0.3783 0.64472 0.46249 0.73238 0.534 0.8258 0.61589 0.68163 0.59282 0.6355 0.80504 0.54207 0.76582 0.44058 1.22601 0.71738 1.39094 0.50286 1.34481 0.40944 0.88923 0.28257
0.37253 0.73584 0.36215 0.66318 0.30448 0.62511 0.36792 0.52708 0.39444 0.5513 0.47633 0.62973 0.54207 0.722 0.61358 0.58244 0.59397 0.53861 0.80504 0.44173 0.75544 0.35292 1.19949 0.6205 1.37826 0.40713 1.31828 0.29987 0.87885 0.19376
0.31948 0.89731 0.30333 0.82119 0.24566 0.78197 0.30794 0.68048 0.33447 0.707 0.41751 0.78774 0.48902 0.8777 0.56168 0.73468 0.54438 0.6897 0.76236 0.58475 0.7047 0.49825 1.17411 0.75544 1.33789 0.53631 1.28022 0.43481 0.83041 0.33216
0.39329 0.87309 0.3783 0.79351 0.31486 0.75198 0.3806 0.64703 0.40713 0.67356 0.48902 0.75775 0.57321 0.85463 0.64703 0.7047 0.62511 0.65741 0.85002 0.55245 0.79466 0.45903 1.26523 0.73353 1.43247 0.51785 1.37941 0.4152 0.91576 0.29295
0.42443 0.85348 0.41636 0.77736 0.35638 0.73814 0.42328 0.63665 0.44519 0.66318 0.52362 0.74737 0.59397 0.83964 0.66087 0.69778 0.64357 0.6528 0.84541 0.56053 0.80158 0.47172 1.2387 0.72546 1.3944 0.51555 1.33789 0.43135 0.90307 0.3287
0.4152 0.88231 0.40252 0.80389 0.33908 0.76352 0.40713 0.6551 0.43135 0.68278 0.50747 0.76698 0.58936 0.86155 0.65972 0.71046 0.64011 0.66548 0.8604 0.55707 0.80504 0.47056 1.27676 0.72084 1.43939 0.4994 1.3748 0.40944 0.895 0.31948
0.3437 0.81311 0.33216 0.73122 0.26988 0.6897 0.34024 0.58013 0.36446 0.60781 0.44519 0.69547 0.52823 0.79351 0.59282 0.64011 0.57206 0.59282 0.80158 0.48325 0.75083 0.39214 1.23985 0.65395 1.40824 0.41866 1.34827 0.33216 0.85117 0.23297
0.43135 0.86732 0.42443 0.78428 0.3633 0.73699 0.43596 0.62742 0.45788 0.65856 0.54323 0.75083 0.62165 0.85579 0.69893 0.69778 0.67932 0.64703 0.91922 0.54553 0.86617 0.4475 1.3575 0.73353 1.52819 0.50401 1.46476 0.41174 0.97343 0.29064
0.35408 0.89846 0.34946 0.81542 0.29756 0.77159 0.36215 0.66779 0.38637 0.69432 0.46134 0.78658 0.54438 0.88347 0.61819 0.73584 0.59974 0.68855 0.81311 0.59859 0.76698 0.50286 1.24793 0.7762 1.41978 0.56283 1.36788 0.47287 0.87885 0.34946
0.23528 0.99996 0.23528 0.91461 0.17877 0.86963 0.23989 0.76121 0.26873 0.78774 0.35754 0.87885 0.44404 0.98958 0.53054 0.82811 0.51093 0.76928 0.69778 0.67932 0.65049 0.56975 1.10376 0.88577 1.30444 0.64126 1.25254 0.54553 0.79235 0.40136
0.37138 0.87193 0.36676 0.79004 0.32178 0.74391 0.38752 0.64472 0.41174 0.66894 0.48902 0.76236 0.56053 0.87078 0.65741 0.72084 0.63896 0.66433 0.83503 0.58705 0.79812 0.48441 1.16604 0.82119 1.41055 0.58821 1.36903 0.49479 0.92037 0.32524
0.3437 0.76121 0.34716 0.67932 0.29295 0.63434 0.36446 0.53861 0.38868 0.56399 0.46018 0.65741 0.53631 0.76582 0.62281 0.61935 0.60435 0.56745 0.79581 0.49017 0.76467 0.39098 1.13836 0.72315 1.37249 0.48787 1.3252 0.38752 0.89385 0.23528
0.42097 0.84195 0.42212 0.76236 0.37714 0.72315 0.43366 0.62742 0.45903 0.64934 0.534 0.73468 0.60551 0.83272 0.67817 0.69086 0.65972 0.64818 0.84541 0.56629 0.80965 0.47287 1.1695 0.77966 1.39786 0.55707 1.34712 0.45672 0.93421 0.32524
0.49248 0.82234 0.49017 0.74506 0.43596 0.70585 0.49594 0.61127 0.52247 0.63088 0.59282 0.71623 0.67702 0.81311 0.7416 0.6724 0.7243 0.62396 0.90999 0.54092 0.87655 0.44634 1.24447 0.74968 1.47283 0.51324 1.42785 0.42212 1.00918 0.28833
0.53746 0.83503 0.53746 0.7566 0.48671 0.71277 0.55822 0.61589 0.58244 0.6378 0.65741 0.73122 0.7243 0.83618 0.81888 0.69432 0.79927 0.64126 0.99304 0.56745 0.96997 0.46134 1.31021 0.79351 1.54665 0.56514 1.50628 0.47518 1.083 0.32178
0.41059 0.94805 0.40944 0.86617 0.361 0.82119 0.42443 0.72084 0.45096 0.74622 0.52708 0.83849 0.59167 0.93767 0.69086 0.79235 0.67125 0.7393 0.86847 0.65856 0.83964 0.55591 1.20064 0.87539 1.43016 0.64126 1.38979 0.54784 0.95498 0.40713
0.40482 0.78082 0.40713 0.69547 0.34831 0.65049 0.41636 0.54669 0.44173 0.57321 0.53054 0.66548 0.58359 0.77044 0.68278 0.62281 0.66779 0.5686 0.86386 0.48556 0.83272 0.37945 1.22255 0.71854 1.46361 0.47633 1.41055 0.36792 0.9619 0.21798
0.49133 0.87309 0.48671 0.79927 0.43942 0.7589 0.49825 0.66202 0.52247 0.68394 0.60089 0.76928 0.6701 0.86271 0.73468 0.72661 0.71623 0.67932 0.88923 0.60435 0.86271 0.51324 1.21102 0.79927 1.41862 0.57898 1.37941 0.49594 0.9792 0.37253
0.42212 0.69662 0.42558 0.61819 0.37714 0.56975 0.44288 0.47518 0.46826 0.49594 0.53515 0.59167 0.60089 0.69662 0.70239 0.55476 0.68509 0.50171 0.87539 0.4325 0.84195 0.33332 1.19718 0.66433 1.44285 0.43827 1.40363 0.34831 0.98266 0.18684
0.4671 0.83272 0.46249 0.76121 0.42212 0.71969 0.47979 0.63319 0.50286 0.65626 0.56975 0.7393 0.62973 0.82926 0.71508 0.70239 0.70124 0.65626 0.85002 0.59513 0.82465 0.51093 1.17065 0.80273 1.40363 0.58705 1.35865 0.49248 0.95382 0.36215
0.47749 0.7393 0.47864 0.66433 0.42904 0.61935 0.49363 0.52939 0.5167 0.55245 0.58936 0.64126 0.6724 0.74276 0.73007 0.60435 0.71392 0.55707 0.88693 0.48556 0.86386 0.39329 1.21448 0.69893 1.43708 0.47749 1.39556 0.3806 0.98958 0.24797
0.44865 0.95382 0.4498 0.88693 0.41174 0.84425 0.47172 0.76121 0.49133 0.78082 0.5513 0.86386 0.63203 0.95498 0.68855 0.83157 0.67932 0.78543 0.84541 0.72546 0.81081 0.64011 1.12106 0.94459 1.36442 0.73122 1.31713 0.64934 0.93306 0.50517
0.37022 0.8777 0.37022 0.80504 0.32063 0.76582 0.38637 0.67702 0.40828 0.70124 0.47864 0.78658 0.54207 0.87539 0.62396 0.74968 0.60781 0.70354 0.76698 0.64242 0.74276 0.55591 1.08876 0.85694 1.3252 0.63896 1.27907 0.54207 0.87309 0.40713
0.49479 0.76928 0.49363 0.69547 0.4475 0.6551 0.50863 0.57091 0.53054 0.59397 0.59743 0.67586 0.66779 0.76467 0.7416 0.63896 0.72776 0.59051 0.88923 0.52477 0.85809 0.43827 1.19257 0.74045 1.43131 0.52016 1.39094 0.4302 0.9792 0.2941
0.36792 0.87885 0.37022 0.80389 0.31948 0.76582 0.38522 0.67817 0.40828 0.70008 0.47633 0.78658 0.54207 0.8777 0.62627 0.75083 0.60781 0.70354 0.76813 0.64242 0.74391 0.55476 1.08992 0.85579 1.3252 0.6378 1.28022 0.54207 0.87193 0.40713
0.49248 0.70354 0.49594 0.62857 0.4498 0.58013 0.52823 0.49248 0.54899 0.51785 0.60666 0.61704 0.67356 0.72546 0.77159 0.59397 0.76121 0.54207 0.95728 0.48671 0.93075 0.39098 1.27215 0.74506 1.52358 0.53285 1.48783 0.43481 1.07377 0.24912
0.40598 0.7047 0.41174 0.62627 0.36215 0.58359 0.43366 0.48787 0.45788 0.51209 0.52593 0.60435 0.59974 0.71046 0.69201 0.5686 0.67817 0.51439 0.86732 0.44288 0.83157 0.34716 1.19718 0.67125 1.43708 0.44173 1.39325 0.3437 0.95844 0.19607
0.4325 0.78082 0.43366 0.70354 0.38176 0.66433 0.44519 0.56975 0.46941 0.59167 0.53746 0.67702 0.61704 0.77505 0.69086 0.63319 0.67125 0.58475 0.84887 0.50978 0.82003 0.41866 1.1868 0.71969 1.39786 0.49594 1.35634 0.40828 0.95382 0.26873
0.54323 0.87193 0.53515 0.80043 0.48441 0.77159 0.53285 0.67932 0.55822 0.70008 0.63319 0.77044 0.71162 0.85117 0.76236 0.71969 0.74276 0.67586 0.89385 0.59513 0.85463 0.51785 1.21448 0.76352 1.42208 0.52247 1.36788 0.43596 0.96074 0.36215
0.49594 0.77044 0.49363 0.69547 0.44634 0.65395 0.50632 0.57321 0.53054 0.59397 0.59743 0.67586 0.66894 0.76698 0.74045 0.64011 0.72546 0.59051 0.88693 0.52593 0.85809 0.43827 1.19372 0.7393 1.43016 0.52247 1.38979 0.4302 0.97804 0.2941
0.36907 0.8777 0.36907 0.80619 0.31948 0.76582 0.38522 0.67932 0.40944 0.70008 0.47864 0.78543 0.53977 0.87655 0.62511 0.75083 0.60666 0.70354 0.76582 0.64242 0.74276 0.55591 1.08992 0.85463 1.32636 0.6378 1.28138 0.54207 0.87193 0.40828
0.3633 0.86617 0.36907 0.78082 0.3114 0.73353 0.3806 0.62973 0.40828 0.65626 0.48671 0.75198 0.55361 0.86155 0.65741 0.707 0.63896 0.65164 0.83041 0.57437 0.80504 0.46134 1.19141 0.80619 1.43593 0.56283 1.38748 0.46018 0.93075 0.30333
0.40367 0.80504 0.40136 0.72315 0.346 0.67817 0.41636 0.57783 0.44404 0.6032 0.52016 0.69662 0.58821 0.80389 0.68394 0.6551 0.66664 0.59859 0.8604 0.52016 0.83387 0.41636 1.22832 0.75314 1.46591 0.50863 1.42208 0.41174 0.97343 0.25258
0.50401 0.76236 0.50517 0.68048 0.45672 0.63665 0.52362 0.53977 0.54784 0.56283 0.61819 0.65626 0.6897 0.75775 0.78312 0.61819 0.76582 0.56629 0.96305 0.48902 0.9296 0.38868 1.29406 0.72084 1.54203 0.47979 1.49936 0.39214 1.0657 0.23759
0.45096 0.86501 0.44865 0.78312 0.40252 0.73699 0.47172 0.63665 0.49825 0.66087 0.56514 0.76006 0.63434 0.86386 0.73814 0.722 0.72661 0.66548 0.92153 0.59859 0.89269 0.49479 1.256 0.84079 1.50859 0.61819 1.46707 0.51785 1.02764 0.346
0.39906 0.87424 0.39214 0.79235 0.33793 0.75083 0.40252 0.64703 0.42904 0.6701 0.50401 0.76467 0.5859 0.86501 0.67702 0.71508 0.65626 0.65972 0.84079 0.58013 0.81081 0.47287 1.20641 0.79927 1.43823 0.55822 1.38633 0.45326 0.93421 0.3114
0.42789 0.707 0.4302 0.63088 0.3806 0.58936 0.4475 0.49363 0.47172 0.51785 0.54207 0.61127 0.61473 0.71046 0.69893 0.5686 0.68509 0.52247 0.86386 0.45096 0.83503 0.35408 1.18219 0.68048 1.41978 0.45326 1.38518 0.36215 0.96766 0.20183
0.45326 0.78197 0.45211 0.70585 0.40482 0.66318 0.47287 0.57321 0.49363 0.59513 0.56399 0.6874 0.62281 0.78889 0.69432 0.65626 0.68855 0.60897 0.87885 0.54207 0.85579 0.45096 1.18449 0.77159 1.42555 0.56053 1.38864 0.46595 0.98727 0.31025
0.46018 0.82349 0.45903 0.75083 0.40944 0.707 0.47979 0.61704 0.50286 0.64011 0.56745 0.73238 0.64934 0.83272 0.722 0.69662 0.70816 0.64818 0.89731 0.58013 0.87655 0.48441 1.2041 0.80043 1.43593 0.59397 1.39671 0.50286 0.9965 0.34716
0.49709 0.71738 0.49363 0.63896 0.43942 0.59513 0.50863 0.4994 0.534 0.52247 0.60666 0.61358 0.6897 0.7243 0.7589 0.57437 0.74852 0.52247 0.94113 0.44288 0.90999 0.3437 1.27792 0.67471 1.51089 0.43481 1.46591 0.33793 1.0311 0.19376
0.534 0.81657 0.534 0.73699 0.48441 0.69201 0.55707 0.59974 0.57898 0.62396 0.65049 0.71854 0.722 0.82349 0.81773 0.68394 0.80619 0.62742 0.9988 0.56053 0.97458 0.46018 1.32751 0.80043 1.57779 0.58475 1.53511 0.48441 1.10722 0.31255
0.49709 0.85117 0.49709 0.7762 0.44865 0.73353 0.51439 0.64011 0.53861 0.66202 0.60781 0.75314 0.6701 0.85925 0.75314 0.71854 0.73814 0.6701 0.92614 0.59743 0.89269 0.4994 1.22717 0.83272 1.46937 0.60666 1.43131 0.50978 1.02418 0.35638
0.37714 0.88001 0.37945 0.79927 0.3264 0.75429 0.39214 0.6528 0.41866 0.67702 0.50286 0.7739 0.57206 0.88462 0.65972 0.73238 0.64242 0.67702 0.85002 0.59628 0.81888 0.48671 1.20641 0.83041 1.43593 0.58821 1.39094 0.48095 0.94344 0.3287
0.47749 0.86847 0.47749 0.79927 0.42558 0.75775 0.49133 0.66779 0.5167 0.68855 0.58936 0.77736 0.65741 0.88116 0.72892 0.74622 0.71738 0.69432 0.89039 0.63319 0.86501 0.54323 1.20064 0.86155 1.44861 0.64934 1.41286 0.55015 1.00803 0.3956
0.41405 0.76006 0.40828 0.68278 0.36676 0.64242 0.42789 0.54553 0.45326 0.56745 0.52939 0.66087 0.60205 0.76582 0.67586 0.62511 0.66202 0.57321 0.85579 0.49825 0.83964 0.39329 1.19026 0.73238 1.43362 0.49479 1.38979 0.40828 0.96997 0.24566
0.534 0.6874 0.534 0.61243 0.48671 0.5686 0.55245 0.48095 0.57552 0.50286 0.6378 0.59051 0.71046 0.6897 0.77851 0.55591 0.77159 0.50632 0.94229 0.44404 0.92499 0.34946 1.25254 0.6551 1.48437 0.44288 1.44746 0.35408 1.05416 0.20875
0.39906 0.7393 0.40713 0.66202 0.35984 0.61589 0.42443 0.52362 0.4498 0.54784 0.51901 0.64242 0.58013 0.74968 0.6724 0.61012 0.65626 0.56053 0.84541 0.49248 0.81657 0.39444 1.15451 0.73122 1.40824 0.51555 1.36903 0.40944 0.94459 0.24566
0.49594 0.82119 0.49133 0.74622 0.44519 0.70585 0.51093 0.61243 0.53631 0.63434 0.60551 0.72084 0.66894 0.81888 0.75775 0.68278 0.74276 0.63319 0.92845 0.56283 0.90538 0.4648 1.23639 0.78197 1.46822 0.56399 1.42901 0.47172 1.02418 0.32178
0.40598 0.77274 0.40713 0.69547 0.35638 0.65395 0.42558 0.55476 0.45211 0.58129 0.52247 0.6724 0.59051 0.77159 0.68394 0.63434 0.6701 0.58244 0.86155 0.51209 0.83618 0.41174 1.18449 0.74622 1.42785 0.52362 1.38633 0.42789 0.96651 0.26527
0.44404 0.83272 0.43942 0.7589 0.38868 0.71854 0.45211 0.62396 0.47518 0.64703 0.54553 0.73122 0.62165 0.82465 0.69662 0.6874 0.68278 0.6378 0.83849 0.57091 0.8085 0.47633 1.15681 0.77851 1.39671 0.54784 1.35288 0.46134 0.94459 0.32524
0.57653 0.77178 0.57768 0.69206 0.52569 0.65163 0.59155 0.55804 0.61696 0.57884 0.69669 0.67011 0.76601 0.76601 0.83071 0.63198 0.818 0.58461 0.99939 0.51529 0.97166 0.42286 1.32636 0.73366 1.57361 0.49565 1.52393 0.40438 1.11609 0.27382
0.47139 0.77294 0.47254 0.69784 0.42402 0.65278 0.49796 0.5592 0.52107 0.58461 0.5823 0.6782 0.647 0.76947 0.72904 0.64585 0.72095 0.59501 0.91505 0.53031 0.88039 0.43673 1.2166 0.76947 1.47194 0.55342 1.43497 0.4633 1.02712 0.29462
0.41362 0.89194 0.42055 0.818 0.37087 0.7741 0.43904 0.69091 0.45983 0.71171 0.52222 0.79951 0.58577 0.89772 0.65971 0.77063 0.64354 0.72326 0.82493 0.66087 0.79836 0.56844 1.11146 0.89425 1.3564 0.69669 1.31019 0.58808 0.92892 0.43442
0.52338 0.85959 0.51876 0.7868 0.46446 0.74752 0.52453 0.65163 0.54995 0.67127 0.62852 0.75676 0.71171 0.85382 0.77641 0.70824 0.75908 0.66087 0.92545 0.57999 0.89425 0.48872 1.2686 0.77641 1.48118 0.5384 1.42919 0.44712 1.0121 0.33736
0.46446 0.70477 0.46677 0.6343 0.4194 0.59039 0.49449 0.50951 0.51298 0.53147 0.56497 0.62274 0.63661 0.71979 0.71402 0.59732 0.70939 0.5488 0.87461 0.49796 0.8619 0.40669 1.16461 0.73481 1.41764 0.53378 1.38413 0.43673 0.99939 0.27497
0.51414 0.82031 0.51645 0.7429 0.46908 0.69669 0.54302 0.6031 0.56266 0.62621 0.63314 0.71748 0.69553 0.82031 0.78334 0.68513 0.77063 0.63661 0.9578 0.57075 0.93469 0.47601 1.28824 0.7868 1.52162 0.55111 1.48003 0.46446 1.07449 0.33274
0.41362 0.75099 0.43326 0.67127 0.39398 0.6135 0.48294 0.52685 0.50258 0.55804 0.55226 0.67127 0.60194 0.79258 0.73366 0.66665 0.73135 0.60888 0.94394 0.57768 0.93816 0.46561 1.2374 0.89772 1.5274 0.71633 1.50545 0.60657 1.10915 0.33967
0.38589 0.97166 0.37318 0.89541 0.31657 0.85382 0.37203 0.75214 0.39629 0.77756 0.48987 0.85613 0.56382 0.9474 0.62159 0.80414 0.60541 0.75561 0.82609 0.64354 0.79258 0.5384 1.25473 0.8076 1.4315 0.56959 1.3772 0.47716 0.90927 0.3778
0.41131 0.94971 0.39513 0.87115 0.34083 0.82955 0.38936 0.72673 0.41477 0.7533 0.50605 0.83417 0.58692 0.92545 0.64469 0.77756 0.62505 0.72673 0.85035 0.61234 0.80414 0.50258 1.26282 0.77872 1.45114 0.53493 1.38298 0.43442 0.91621 0.33621
0.3339 0.87346 0.32581 0.79143 0.26804 0.74637 0.32812 0.64238 0.35354 0.66896 0.44019 0.75792 0.52222 0.85959 0.59039 0.70824 0.57306 0.65625 0.82147 0.54187 0.77641 0.43095 1.25473 0.72441 1.43035 0.48872 1.36911 0.38358 0.89657 0.2692
0.3131 0.90927 0.30501 0.82493 0.25995 0.77987 0.3131 0.67589 0.33736 0.70362 0.42633 0.79374 0.50143 0.89888 0.57422 0.74983 0.56382 0.699 0.818 0.59732 0.78103 0.48525 1.23624 0.80182 1.4315 0.56844 1.3772 0.46099 0.90465 0.32928
0.31888 0.92892 0.30617 0.84457 0.24262 0.80067 0.30848 0.69206 0.3339 0.71864 0.43904 0.80645 0.51414 0.91043 0.57537 0.75676 0.55689 0.70246 0.80645 0.57999 0.76601 0.46561 1.25011 0.76254 1.42804 0.51645 1.36911 0.40669 0.88501 0.30039
0.38936 1.02481 0.37434 0.94278 0.32119 0.89888 0.3778 0.79143 0.40322 0.82262 0.49565 0.90927 0.58577 1.01326 0.64585 0.85844 0.62852 0.80876 0.88732 0.68975 0.84573 0.57768 1.32405 0.87923 1.51469 0.63198 1.45114 0.528 0.9682 0.41246
0.30964 0.90119 0.29808 0.81684 0.23685 0.7637 0.31195 0.65856 0.33621 0.68975 0.43326 0.78449 0.50258 0.89888 0.57884 0.7429 0.56035 0.69091 0.82378 0.58115 0.79258 0.46446 1.25473 0.79374 1.44999 0.55457 1.39338 0.45175 0.91852 0.31195
0.3778 1.11146 0.36509 1.0329 0.30501 0.98899 0.36625 0.8827 0.39167 0.91274 0.4841 0.99708 0.5488 1.09182 0.62852 0.94625 0.61003 0.89541 0.85035 0.77872 0.81222 0.67358 1.26397 0.96011 1.45114 0.73135 1.39684 0.62736 0.92545 0.51876
0.33621 0.98206 0.3235 0.89657 0.26689 0.84919 0.33043 0.74521 0.35585 0.77525 0.43904 0.86653 0.51645 0.97166 0.59732 0.82031 0.58115 0.76947 0.81453 0.67358 0.79374 0.55573 1.24895 0.87115 1.44075 0.64123 1.38644 0.53724 0.91852 0.40207
0.32581 0.98091 0.32581 0.90234 0.26573 0.85497 0.34199 0.75908 0.36625 0.7868 0.44712 0.88155 0.50605 0.98553 0.58808 0.85035 0.57999 0.79836 0.84342 0.71748 0.81569 0.60772 1.25242 0.9474 1.4523 0.73828 1.40493 0.63314 0.95318 0.4633
0.41708 1.01672 0.40207 0.93123 0.33621 0.89425 0.38473 0.7868 0.41593 0.80991 0.5176 0.88963 0.60772 0.97975 0.6574 0.82378 0.63314 0.77641 0.88963 0.62621 0.83186 0.52107 1.34138 0.76716 1.50083 0.50605 1.42804 0.409 0.93238 0.34545
0.38473 0.97282 0.37318 0.89657 0.31657 0.85382 0.37203 0.75214 0.39744 0.77756 0.49218 0.85613 0.56266 0.9474 0.61928 0.80414 0.60657 0.75561 0.82609 0.64354 0.79258 0.53955 1.25358 0.8076 1.4315 0.57075 1.3772 0.47832 0.91043 0.3778
0.42055 1.06178 0.40553 0.98091 0.34776 0.93585 0.40553 0.83186 0.4321 0.85959 0.528 0.94278 0.60079 1.03983 0.67011 0.88732 0.64816 0.84111 0.90119 0.71402 0.85497 0.60657 1.32983 0.89541 1.51238 0.65394 1.4523 0.54995 0.9682 0.44135
0.43788 0.99015 0.4194 0.9139 0.36509 0.86999 0.41246 0.76485 0.44019 0.79143 0.54302 0.86884 0.64238 0.96589 0.67935 0.80529 0.66318 0.76023 0.90234 0.63314 0.85266 0.52569 1.35178 0.78912 1.50776 0.55111 1.44652 0.45752 0.96127 0.35585
0.41593 0.86421 0.409 0.7868 0.35007 0.74521 0.41015 0.64238 0.43673 0.66896 0.54302 0.74637 0.59963 0.84919 0.65971 0.699 0.64354 0.65163 0.87346 0.5384 0.8388 0.42864 1.31134 0.71055 1.49043 0.47485 1.43035 0.3778 0.9578 0.26226
0.34545 0.88848 0.33967 0.80414 0.28075 0.76254 0.33852 0.6574 0.36509 0.68513 0.45752 0.77178 0.528 0.8723 0.61003 0.71748 0.5927 0.66896 0.84804 0.54995 0.80991 0.43673 1.2686 0.74752 1.46732 0.50836 1.41186 0.40207 0.92545 0.27613
0.35238 0.92083 0.33621 0.84804 0.27382 0.80991 0.32812 0.70708 0.35701 0.73019 0.45637 0.80529 0.52569 0.90234 0.58692 0.74521 0.56844 0.70362 0.78796 0.58115 0.74059 0.47948 1.22238 0.73597 1.38991 0.4841 1.32059 0.38589 0.85382 0.30386
0.31541 0.92545 0.30039 0.84688 0.24262 0.80298 0.29924 0.699 0.32697 0.72095 0.42171 0.80876 0.51067 0.90927 0.56035 0.7533 0.54302 0.70477 0.79143 0.57999 0.74983 0.46677 1.23624 0.74521 1.40262 0.49565 1.34138 0.40553 0.86306 0.31079
0.33967 0.92198 0.33043 0.84457 0.27382 0.80182 0.33274 0.69437 0.35816 0.72095 0.44944 0.8076 0.51991 0.90581 0.59848 0.75445 0.58346 0.70015 0.81338 0.58692 0.77872 0.48179 1.23162 0.76947 1.4084 0.54187 1.35178 0.44135 0.89541 0.32003
0.40669 1.02712 0.38589 0.94509 0.32119 0.90812 0.37087 0.79605 0.40091 0.818 0.5072 0.89425 0.59501 0.99015 0.647 0.82955 0.62274 0.78218 0.8619 0.63892 0.81569 0.53378 1.31597 0.77178 1.47079 0.51298 1.40493 0.42517 0.91621 0.36047
0.38358 0.91158 0.37434 0.82609 0.31195 0.78218 0.37434 0.67589 0.40207 0.70246 0.48872 0.78796 0.57191 0.89194 0.64238 0.7325 0.62274 0.68398 0.86653 0.56035 0.83649 0.44019 1.32752 0.73019 1.49389 0.49103 1.4315 0.39282 0.95318 0.27728
0.41477 1.0664 0.39282 0.99824 0.33043 0.96011 0.38011 0.85613 0.41246 0.87923 0.50836 0.94971 0.58808 1.0329 0.63661 0.88501 0.61581 0.84111 0.8388 0.70131 0.79258 0.60426 1.2478 0.84226 1.41764 0.59501 1.35525 0.50143 0.88039 0.43904
0.39744 0.94162 0.38936 0.86653 0.33736 0.82493 0.39167 0.73135 0.41362 0.75676 0.50027 0.83186 0.56266 0.92429 0.61928 0.78912 0.60426 0.74174 0.82031 0.6343 0.79143 0.53724 1.20621 0.80182 1.37373 0.57653 1.31828 0.48987 0.89541 0.38358
0.36163 0.88848 0.34661 0.80414 0.28422 0.76023 0.34083 0.647 0.37087 0.6782 0.47485 0.76139 0.55457 0.86075 0.61812 0.69669 0.60079 0.64354 0.84457 0.51645 0.80182 0.3986 1.30557 0.68051 1.47079 0.43442 1.40724 0.34083 0.91736 0.23338
0.32928 0.92314 0.32234 0.83995 0.26111 0.7972 0.32812 0.69784 0.35354 0.7221 0.44481 0.81453 0.51183 0.9139 0.5823 0.76716 0.57191 0.71979 0.83186 0.61234 0.80182 0.49796 1.27091 0.80645 1.44999 0.57537 1.39569 0.46908 0.91736 0.33967
0.36163 0.92545 0.35354 0.84342 0.28537 0.80067 0.35354 0.69784 0.37665 0.72441 0.47023 0.81222 0.56035 0.91274 0.61696 0.76139 0.59848 0.71171 0.85728 0.59386 0.82378 0.47601 1.3021 0.77641 1.48465 0.53262 1.42457 0.43557 0.93585 0.31657
0.41246 1.02366 0.38473 0.9474 0.32119 0.9139 0.35123 0.8076 0.38473 0.82609 0.49565 0.88848 0.59732 0.9682 0.62159 0.80645 0.5927 0.76139 0.80876 0.59039 0.74752 0.49218 1.27784 0.67242 1.40955 0.3882 1.32521 0.3027 0.82262 0.3027
0.31888 0.92776 0.31195 0.84573 0.24262 0.80414 0.31079 0.69437 0.33621 0.7221 0.43095 0.81222 0.50836 0.9139 0.57306 0.76485 0.55342 0.71171 0.81107 0.59501 0.77178 0.48525 1.25473 0.77987 1.42919 0.53147 1.36911 0.42748 0.89194 0.31772
0.36625 0.937 0.35354 0.85613 0.28768 0.818 0.3443 0.71171 0.37203 0.73481 0.4737 0.81569 0.55689 0.91158 0.60772 0.7533 0.59386 0.70362 0.83417 0.57422 0.78912 0.46561 1.28939 0.72326 1.45577 0.46677 1.38875 0.37318 0.89079 0.29462
0.33621 1.01557 0.32928 0.93354 0.26804 0.89079 0.32466 0.79027 0.35123 0.81453 0.4529 0.90003 0.52916 1.0017 0.59386 0.84688 0.57537 0.79605 0.82378 0.67589 0.78218 0.56266 1.26513 0.85613 1.4419 0.60541 1.37489 0.50489 0.89194 0.3986
0.29462 0.94394 0.28537 0.8619 0.22298 0.818 0.28537 0.71402 0.31195 0.73943 0.40669 0.8284 0.48179 0.9266 0.55226 0.7741 0.53378 0.72557 0.77872 0.61234 0.74752 0.50027 1.2166 0.79258 1.39453 0.55689 1.33561 0.45406 0.8619 0.33967
0.3986 0.96127 0.38589 0.88155 0.33043 0.83533 0.38936 0.73481 0.41246 0.7637 0.50258 0.85035 0.57999 0.94856 0.63545 0.80529 0.6239 0.75214 0.86421 0.65163 0.81915 0.54418 1.2686 0.84226 1.4627 0.60426 1.40377 0.50605 0.937 0.38589
0.39975 0.93816 0.38936 0.85497 0.32466 0.81222 0.3882 0.71055 0.41708 0.73366 0.51529 0.81684 0.58577 0.91852 0.64932 0.76947 0.6343 0.71864 0.88501 0.59963 0.85151 0.49103 1.31712 0.77987 1.49158 0.53378 1.4315 0.43557 0.9682 0.33274
0.31772 1.04099 0.30617 0.96473 0.25302 0.92083 0.3131 0.82031 0.33852 0.84342 0.43095 0.92776 0.51067 1.02366 0.5592 0.88039 0.54418 0.83071 0.79027 0.71517 0.74752 0.61119 1.20736 0.89541 1.37605 0.66433 1.31943 0.56728 0.85959 0.45175
0.33736 0.89772 0.33505 0.818 0.2796 0.7741 0.34314 0.67704 0.36509 0.70593 0.44712 0.79374 0.52338 0.89194 0.5927 0.74752 0.57768 0.69553 0.82378 0.59386 0.7868 0.48872 1.23047 0.7868 1.42457 0.5488 1.36911 0.44712 0.90581 0.33621
0.3443 0.92776 0.33505 0.84688 0.28422 0.80067 0.33159 0.69437 0.35816 0.72326 0.45406 0.81222 0.53378 0.91274 0.61234 0.75676 0.5927 0.70593 0.83302 0.59155 0.7972 0.47601 1.28593 0.78218 1.50545 0.52569 1.43959 0.41246 0.92198 0.29924
0.42633 0.92198 0.41246 0.84342 0.3443 0.80645 0.40322 0.69437 0.43095 0.7221 0.53147 0.79951 0.61003 0.89425 0.6678 0.74059 0.65047 0.68975 0.89425 0.56035 0.85266 0.44366 1.33676 0.72326 1.50776 0.47832 1.44768 0.3778 0.9578 0.27844
0.3027 0.90696 0.29115 0.82378 0.22991 0.77641 0.28768 0.67358 0.31541 0.69669 0.41246 0.78334 0.49565 0.88386 0.55573 0.72788 0.54071 0.67473 0.78103 0.55804 0.73712 0.44597 1.21429 0.73366 1.39222 0.48641 1.33099 0.38473 0.84919 0.28075
0.39282 0.84919 0.38705 0.77525 0.32928 0.74059 0.39167 0.64816 0.41593 0.67127 0.49565 0.74752 0.56151 0.8388 0.61928 0.70477 0.60194 0.66087 0.818 0.56266 0.7868 0.46792 1.18887 0.73828 1.37027 0.51529 1.31943 0.42402 0.88386 0.31888
0.33852 0.96358 0.33043 0.87923 0.27382 0.83186 0.3339 0.72904 0.35932 0.75792 0.45406 0.84457 0.53147 0.95087 0.59386 0.79374 0.5823 0.74406 0.83071 0.63198 0.78912 0.52107 1.2686 0.81915 1.45808 0.57537 1.40031 0.4737 0.91505 0.35354
0.38705 0.83533 0.37665 0.7637 0.32003 0.72095 0.38011 0.63083 0.40322 0.65625 0.4841 0.7325 0.54649 0.82378 0.60079 0.69206 0.58924 0.64469 0.81684 0.53955 0.78565 0.44944 1.20043 0.71055 1.37142 0.4841 1.31481 0.39398 0.88848 0.29693
0.29693 1.07334 0.28422 0.99593 0.22414 0.94856 0.28653 0.84457 0.3131 0.8723 0.41015 0.96127 0.48987 1.06294 0.54995 0.91158 0.53262 0.85728 0.78565 0.74637 0.74521 0.63314 1.22469 0.93238 1.4084 0.68975 1.34716 0.58461 0.86306 0.47139
0.25764 0.99708 0.25187 0.91621 0.1941 0.86653 0.25302 0.7637 0.2796 0.79374 0.36971 0.8827 0.44135 0.98322 0.5176 0.83186 0.50027 0.77756 0.74174 0.67242 0.70939 0.55804 1.17848 0.85728 1.36218 0.61581 1.30441 0.52222 0.83071 0.39629
0.30848 0.91505 0.30039 0.83995 0.24262 0.79836 0.30732 0.70477 0.33043 0.73135 0.41824 0.81107 0.4737 0.90465 0.54302 0.77063 0.52569 0.72095 0.73712 0.62621 0.71286 0.52685 1.12995 0.80182 1.30788 0.57537 1.25011 0.47948 0.82955 0.37203
0.31888 0.82378 0.31426 0.75214 0.26111 0.71286 0.3235 0.62159 0.3443 0.65047 0.4194 0.72904 0.48525 0.82031 0.54071 0.69322 0.53031 0.64469 0.75561 0.55226 0.72904 0.45983 1.10569 0.74983 1.3021 0.54071 1.25126 0.44135 0.8388 0.31426
0.42864 0.85151 0.42055 0.78218 0.37318 0.73597 0.43326 0.65047 0.45521 0.67473 0.52916 0.7533 0.59963 0.85151 0.65163 0.71748 0.63776 0.67127 0.86653 0.57768 0.83649 0.48525 1.23278 0.77178 1.41764 0.55226 1.36565 0.4633 0.94394 0.33852
0.29115 0.87115 0.2796 0.78912 0.23338 0.73943 0.29462 0.63776 0.32003 0.66896 0.40784 0.76139 0.47485 0.86884 0.55342 0.72326 0.54187 0.67242 0.80529 0.57537 0.76947 0.4633 1.20967 0.79143 1.41764 0.55689 1.36796 0.45752 0.90234 0.30964
0.41593 1.0329 0.39744 0.95202 0.34083 0.90812 0.39282 0.80067 0.42171 0.82955 0.52107 0.90927 0.61003 1.0121 0.66318 0.85151 0.647 0.80067 0.88501 0.67935 0.84804 0.56959 1.36911 0.84573 1.51585 0.59039 1.44999 0.49565 0.97051 0.39513
